# run  n_events   (data/pp, tree=events, branch=run, /sphenix/tg/tg01/bulk/jbennett/PhotonJetTrees_v1/data/pp/files.txt)
47289 6
47291 2
47293 8
47306 4
47310 12
47313 18
47314 11
47315 10
47316 9
47333 5
47334 3
47352 38
47357 9
47360 32
47363 61
47376 47
47377 16
47378 60
47379 24
47380 2
47381 17
47382 13
47391 34
47393 13
47394 9
47395 44
47396 37
47440 95
47443 35
47454 66
47455 2
47457 43
47458 85
47459 9
47461 81
47462 11
47463 49
47464 25
47474 54
47478 106
47480 30
47481 9
47482 9
47484 14
47485 13
47489 59
47491 34
47492 14
47494 2
47495 27
47497 4
47501 146
47502 96
47503 63
47505 10
47506 90
47507 32
47509 32
47513 83
47514 60
47516 119
47517 77
47519 33
47521 52
47522 17
47524 38
47525 15
47540 93
47547 5
47548 10
47549 45
47552 67
47557 99
47568 50
47582 136
47588 163
47601 27
47619 124
47628 6
47634 57
47635 65
47636 27
47637 57
47638 14
47650 74
47657 59
47658 121
47659 19
47661 54
47662 32
47664 69
47666 20
47667 25
47714 128
47715 36
47716 42
47719 50
47720 119
47721 14
47722 70
47723 57
47724 77
47725 14
47726 72
47727 17
47729 4
47730 12
47732 64
47733 63
47783 14
47791 96
47810 94
47824 56
47831 16
47834 27
47836 21
47852 6
47856 10
47869 17
47873 58
47889 154
47890 31
47892 71
47893 37
47940 10
47944 6
47946 3
47966 224
47972 260
47973 38
47975 18
47976 51
47977 12
47978 61
47979 35
47982 20
47998 37
47999 71
48001 28
48002 86
48008 52
48011 41
48023 2
48073 22
48076 69
48079 20
48082 16
48084 55
48085 9
48086 27
48088 162
48089 68
48097 18
48099 25
48176 68
48177 51
48179 42
48181 38
48185 17
48230 22
48233 59
48236 58
48237 52
48238 40
48239 40
48240 41
48245 13
48246 45
48253 41
48255 83
48256 45
48257 31
48258 27
48259 14
48260 12
48261 11
48262 11
48263 21
48265 12
48290 49
48291 49
48293 39
48294 50
48295 21
48307 16
48312 74
48313 23
48318 6
48320 13
48323 32
48324 24
48325 28
48326 17
48327 4
48336 34
48337 19
48341 10
48342 42
48343 10
48346 43
48347 15
48348 46
48349 8
48352 24
48356 123
48358 59
48359 61
48366 35
48367 36
48368 43
48369 25
48398 26
48409 64
48410 47
48412 30
48416 15
48417 30
48418 5
48421 19
48423 9
48455 64
48456 32
48461 58
48462 56
48463 41
48469 37
48471 8
48510 24
48511 43
48512 47
48513 71
48514 45
48516 41
48518 59
48519 30
48520 56
48521 38
48522 61
48527 2
48529 16
48530 31
48531 47
48532 32
48533 27
48536 15
48635 87
48636 62
48638 48
48639 55
48640 57
48645 52
48656 15
48657 52
48658 39
48660 34
48701 106
48706 56
48720 57
48721 28
48722 86
48725 65
48726 71
48727 84
48730 54
48731 205
48732 28
48734 83
48735 67
48736 22
48742 30
48743 30
48745 10
48746 9
48801 171
48803 53
48805 68
48806 8
48807 92
48810 25
48811 20
48812 30
48813 34
48814 76
48824 95
48826 121
48828 110
48829 15
48830 9
48832 54
48836 72
48838 50
48839 40
48863 42
48864 97
48865 54
48867 29
48883 58
48884 46
48885 35
48888 108
48891 82
48892 31
48893 24
48894 9
48895 42
48897 36
48899 50
48900 15
48901 12
48902 60
48903 59
48935 72
48938 71
48940 50
48943 169
48946 72
48947 53
48949 85
48951 25
48952 118
48971 97
48976 37
48982 61
48983 150
48984 47
48985 127
48986 42
48987 14
48988 74
48989 90
48990 15
48991 76
49019 167
49023 172
49026 38
49027 32
49029 17
49030 34
49031 40
49033 9
49034 13
49035 7
49038 25
49042 14
49043 13
49045 12
49048 4
49050 1
49053 20
49054 14
49057 238
49059 30
49060 50
49061 18
49062 55
49063 21
49064 49
49065 73
49066 26
49067 35
49068 25
49069 52
49070 20
49071 18
49072 22
49073 15
49098 36
49099 143
49100 96
49110 104
49111 55
49113 37
49114 39
49116 81
49117 42
49118 22
49121 200
49125 172
49126 51
49127 143
49128 12
49132 18
49133 21
49134 45
49135 20
49136 74
49137 39
49138 19
49139 17
49140 25
49141 55
49142 13
49143 7
49144 5
49148 22
49155 8
49157 14
49158 12
49159 20
49165 10
49168 14
49217 114
49218 55
49219 184
49224 21
49226 38
49227 47
49228 74
49229 21
49230 18
49232 56
49233 9
49240 114
49241 100
49244 124
49245 51
49246 37
49248 113
49249 16
49250 19
49251 19
49253 43
49254 20
49262 47
49263 47
49264 91
49265 48
49266 40
49267 42
49268 32
49270 16
49307 92
49308 30
49309 40
49310 53
49311 9
49312 79
49313 19
49314 74
49316 18
49317 11
49324 171
49329 37
49330 33
49331 116
49332 16
49337 184
49339 22
49340 31
49341 23
49342 50
49345 58
49346 22
49347 14
49348 33
49349 28
49351 15
49352 49
49353 27
49356 222
49358 94
49359 111
49360 78
49361 20
49362 14
49365 68
49366 50
49367 69
49368 25
49369 14
49373 192
49374 17
49376 48
49377 2
49378 55
49379 29
49380 45
49381 24
49382 42
49383 11
49384 18
49385 31
49389 13
49390 23
49432 61
49433 115
49434 129
49435 21
49437 16
49438 69
49439 9
49440 16
49445 77
49446 104
49447 117
49448 50
49449 16
49451 87
49452 44
49453 38
49454 38
49455 6
49456 24
49457 35
49464 145
49466 70
49468 75
49652 56
49653 67
49655 222
49656 80
49657 14
49658 15
49659 74
49660 35
49661 61
49662 27
49664 22
49665 63
49666 33
49736 28
49737 48
49742 27
49743 41
49749 27
49751 61
49752 13
49756 82
49758 108
49760 71
49761 14
49762 17
49763 58
49910 183
49914 117
49919 57
49921 22
49922 103
49923 99
49925 35
49926 44
49928 9
49929 19
49930 7
49932 11
49934 49
49959 51
49960 43
49961 156
49962 37
49964 39
49965 41
49966 49
49967 25
49968 91
49969 98
49970 82
50033 13
50034 144
50036 46
50045 60
50046 23
50047 22
50048 86
50067 121
50068 81
50070 37
50073 17
50074 22
50075 32
50076 29
50077 10
50232 67
50253 18
50262 97
50283 121
50313 59
50330 49
50343 49
50356 15
50376 42
50377 29
50380 1
50417 20
50424 53
50463 134
50464 176
50465 22
50466 82
50467 15
50468 26
50470 12
50471 9
50483 11
50491 58
50492 110
50493 38
50496 116
50497 92
50500 67
50501 63
50517 11
50520 34
50522 18
50526 43
50527 14
50528 31
50529 55
50530 15
50531 11
50535 20
50536 57
50545 90
50546 55
50548 69
50549 43
50550 58
50551 26
50552 109
50553 26
50554 44
50558 183
50560 143
50561 45
50562 33
50563 25
50564 13
50565 59
50569 17
50570 18
50596 257
50597 38
50598 42
50599 104
50600 61
50601 17
50602 48
50603 106
50604 8
50605 35
50606 53
50607 16
50613 181
50614 94
50615 56
50616 56
50617 35
50650 41
50654 48
50655 21
50656 60
50658 75
50660 18
50661 7
50662 15
50663 30
50664 36
50665 12
50666 10
50667 66
50668 58
50669 34
50670 11
50671 28
50672 5
50673 18
50674 12
50675 24
50676 7
50677 6
50678 8
50679 21
50853 82
50854 11
50857 127
50862 65
50863 19
50874 67
50875 50
50876 43
50885 93
50886 73
50887 39
50889 15
50897 18
50962 46
50965 37
50969 56
50973 50
50981 55
50987 43
50992 38
50996 33
51002 12
51008 9
51012 32
51015 31
51093 31
51095 50
51107 4
51109 12
51152 30
51154 10
51159 122
51160 60
51161 83
51162 33
51163 10
51165 13
51166 9
51167 25
51171 68
51172 38
51175 67
51176 34
51177 12
51178 55
51179 20
51180 3
51181 43
51182 10
51183 8
51187 5
51188 13
51200 125
51201 97
51202 55
51206 75
51208 45
51209 52
51210 45
51211 40
51212 69
51213 8
51214 16
51215 52
51217 6
51220 146
51222 128
51225 26
51226 8
51228 83
51229 27
51230 16
51234 334
51236 48
51237 35
51274 120
51277 79
51279 73
51281 63
51282 90
51283 45
51284 53
51285 12
51286 10
51297 127
51298 81
51300 83
51301 82
51334 127
51335 201
51336 23
51337 155
51338 95
51339 60
51370 3
51374 6
51395 11
51396 23
51490 84
51491 107
51492 9
51493 59
51494 64
51495 32
51709 101
51710 35
51711 30
51713 6
51714 15
51715 13
51716 8
51718 10
51719 3
51742 36
51753 2
51754 2
51826 61
51827 68
51830 44
51838 20
51839 83
51841 5
51842 12
51843 15
51854 14
51858 3
51860 9
51865 74
51874 167
51878 32
51881 101
51886 25
51900 40
51901 6
51902 12
51906 111
51907 55
51908 21
51909 37
51921 59
51922 29
51924 25
51925 29
51927 13
51928 44
51929 27
51940 19
51941 33
51942 73
51943 25
51944 5
51945 30
51946 20
51949 15
51950 9
51952 4
51953 7
51954 40
51955 14
51958 6
51960 19
51977 14
51978 16
51982 9
51983 5
51985 30
51986 15
51987 20
51988 31
51990 16
51999 25
52005 35
52015 65
52018 51
52019 22
52022 42
52027 140
52030 40
52032 9
52034 1
52035 15
52036 7
52037 24
52038 11
52044 22
52045 140
52046 71
52047 50
52048 69
52049 46
52050 16
52052 17
52062 39
52068 21
52069 74
52103 14
52104 17
52107 61
52108 26
52110 4
52111 23
52112 6
52144 14
52145 29
52146 25
52266 62
52268 61
52269 35
52270 63
52271 63
52276 29
52278 9
52287 129
52288 79
52289 16
52290 6
52291 18
52292 24
52294 4
52295 6
52296 2
52303 21
52304 23
52308 13
52309 21
52314 40
52317 11
52318 14
52319 17
52323 50
52324 12
52325 29
52326 16
52327 4
52343 46
52344 45
52345 116
52346 90
52347 5
52348 36
52349 48
52357 5
52359 16
52360 33
52361 42
52365 349
52366 122
52367 5
52368 18
52369 15
52370 58
52371 45
52372 10
52378 8
52380 34
52381 3
52382 23
52391 161
52392 41
52393 24
52394 14
52395 7
52396 5
52401 36
52402 10
52403 31
52405 11
52406 12
52410 89
52411 39
52412 117
52413 84
52414 7
52415 19
52417 7
52418 13
52419 24
52420 29
52421 20
52422 17
52423 11
52424 4
52431 116
52432 16
52433 93
52434 49
52436 10
52437 48
52438 55
52440 4
52441 13
52442 5
52443 13
52444 5
52446 11
52447 4
52449 4
52453 49
52454 17
52455 11
52456 14
52458 68
52459 38
52460 28
52461 11
52462 15
52463 55
52469 73
52470 39
52471 38
52472 6
52474 47
52475 10
52482 47
52484 42
52485 26
52486 33
52491 19
52492 4
52493 18
52494 30
52495 12
52520 11
52521 40
52522 58
52538 5
52539 43
52540 31
52575 67
52576 20
52579 35
52580 25
52581 39
52593 57
52594 23
52595 9
52596 24
52611 35
52614 25
52615 15
52616 35
52617 60
52618 3
52619 18
52637 140
52638 37
52639 36
52640 28
52641 42
52642 44
52643 44
52650 128
52652 70
52656 20
52658 13
52659 41
52660 23
52661 46
52662 6
52664 12
52665 12
52679 85
52680 45
52682 7
52684 46
52685 4
52690 22
52691 13
52692 15
52703 124
52704 13
52705 13
52706 62
52707 14
52719 74
52721 55
52724 40
52725 18
52726 8
52728 13
52747 78
52749 105
52751 79
52752 34
52753 10
52754 62
52755 37
52756 26
52778 187
52779 70
52780 23
52781 23
52782 55
52783 9
52784 24
52785 52
52786 22
52811 8
52813 20
52814 43
52815 51
52816 27
52819 41
52845 122
52846 15
52847 86
52848 72
52849 28
52850 60
52851 31
52858 109
52859 24
52874 63
52875 15
52876 55
52877 50
52878 22
52879 5
52880 36
52881 25
52889 63
52890 56
52900 14
52901 11
52902 8
52911 89
52912 65
52917 31
53047 183
53048 75
53049 10
53050 66
53052 7
53053 16
53054 42
53055 27
53056 6
53057 9
53058 16
53059 9
53069 17
53070 38
53071 6
53073 5
53074 5
53076 50
53081 86
53082 19
53166 51
53167 50
53168 19
53169 62
53170 28
53171 51
53172 18
53173 5
53174 40
53194 79
53195 28
53197 15
53198 5
53199 41
53200 33
53201 3
53202 44
53203 8
53204 8
53205 3
53211 124
53212 36
53213 48
53216 20
53217 14
53218 23
53219 51
53220 48
53221 3
53223 21
53224 26
53225 11
53226 36
53227 38
53237 47
53239 65
53240 74
53241 22
53242 79
53243 12
53244 38
53246 19
53247 35
53248 5
53249 19
53282 23
53287 6
53289 44
53290 67
53291 19
53292 1
53293 55
53296 7
53297 41
53299 35
53300 12
53301 10
53305 123
53306 37
53307 68
53308 24
53309 21
53310 16
53311 5
53312 19
53313 23
53314 26
53315 9
53333 74
53334 7
53335 5
53336 57
53337 21
53338 9
53339 46
53340 13
53341 38
53342 15
53343 17
53347 116
53348 29
53349 10
53350 47
53365 166
53366 55
53367 52
53368 47
53369 5
53370 30
53373 4
53374 1
53375 12
53376 22
53377 1
53378 8
53379 15
53385 110
53386 58
53387 50
53388 37
53389 23
53390 4
53391 36
53392 20
53393 33
53394 11
53397 34
53398 13
53403 172
53404 93
53405 66
53406 7
53407 53
53408 49
53409 11
53410 35
53411 7
53423 152
53424 17
53425 23
53426 105
53427 7
53428 50
53429 26
53435 28
53436 8
53450 121
53451 25
53452 49
53453 34
53454 15
53455 19
53456 45
53457 31
53464 269
53465 50
53466 106
53467 11
53468 62
53469 13
53470 49
53471 5
53472 39
53473 10
53474 12
53475 7
53482 171
53483 90
53488 17
53489 15
53490 56
53491 54
53492 18
53493 30
53494 9
53505 114
53510 136
53511 51
53512 36
53513 22
53514 25
53515 45
53516 29
53517 7
53518 16
53519 12
53520 4
53530 163
53531 45
53532 21
53533 16
53534 11
53536 42
53537 16
53538 16
53539 12
53540 23
53547 55
53550 83
53551 17
53552 27
53553 20
53554 30
53555 6
53556 37
53557 8
53558 28
53559 10
53571 87
53579 105
53580 42
53581 67
53582 56
53583 2
53585 1
53586 41
53587 3
53590 33
53592 69
53593 21
53594 31
53595 50
53596 43
53600 13
53601 40
53603 18
53616 8
53617 10
53618 14
53619 39
53620 46
53622 4
53623 22
53624 38
53625 9
53631 45
53632 38
53634 14
53636 24
53637 28
53638 17
53639 35
53640 32
53647 34
53648 180
53649 30
53650 16
53651 13
53652 55
53667 32
53668 66
53669 14
53670 5
53671 12
53672 10
53673 4
53681 143
53685 22
53686 59
53707 141
53708 24
53709 26
53710 80
53711 10
53712 51
53713 28
53714 21
53716 9
53717 37
53719 10
53720 3
53722 17
53723 6
53724 22
53736 136
53737 35
53738 64
53739 70
53740 27
53741 2
53742 4
53743 25
53744 40
53753 66
53754 66
53755 41
53756 32
53757 23
53758 54
53759 49
53761 35
53769 152
53770 67
53771 84
53772 57
53773 33
53774 46
53775 20
53776 4
53781 85
53782 72
53783 24
53784 70
53785 5
53786 65
53787 12
53788 18
53789 4
53790 7
53791 61
53793 8
53794 35
53795 21
53828 152
53829 91
53830 71
53831 33
53832 64
53833 7
53834 51
53835 8
53836 29
53853 47
53854 115
53855 65
53856 21
53857 16
53860 62
53861 30
53862 59
53864 27
