# run  n_events   (data/auau, tree=events, branch=run, /sphenix/tg/tg01/bulk/jbennett/PhotonJetTrees_v1/data/auau/files.txt)
68212 19
68218 61
68220 32
68223 43
68224 18
68353 5
68354 2
68355 4
68362 2
68386 1
68388 5
68389 1
68390 27
68391 97
68392 32
68405 52
68406 118
68407 20
68408 91
68409 80
68410 28
68417 73
68418 13
68419 12
68420 15
68421 10
68423 64
68424 25
68436 72
68439 29
68462 104
68463 62
68470 65
68487 133
68488 93
68489 18
68490 90
68491 79
68492 81
68493 13
68494 39
68497 6
68502 132
68503 66
68504 123
68505 37
68506 31
68507 30
68508 44
68509 28
68510 65
68511 15
68518 15
68519 112
68520 77
68521 62
68522 102
68523 79
68531 22000
68532 19106
68533 6340
68534 71
68535 37
68536 58
68538 72
68539 10
68550 29
68572 49
68573 38
68579 185
68580 29
68581 120
68584 85
68589 93
68591 56
68627 146
68629 118
68631 65
68632 32
68633 30
68918 139
68928 18
68929 91
68930 91
68953 101
68954 101
68956 8
68957 19
69608 1
69744 33
69745 70
69746 145
69747 60
69748 77
69749 58
69761 225
69762 185
69763 64
69767 251
69769 187
69770 126
69771 24
69772 105
69773 34
69774 62
69797 152
69805 119
69806 42
69810 2
69811 53
69812 43
69813 164
69814 107
69815 76
69817 31
69820 4
69821 25
69822 61
69823 140
69824 108
69825 25
71199 37
71200 117
71201 22
71202 43
71203 16
71204 10
71208 9
71209 41
71210 47
71211 188
71212 22
71213 58
71219 5
71220 51
71221 126
71222 38
71223 4
71224 103
71225 36
71226 38
71249 30
71250 6
71251 61
71252 150
71253 111
71254 93
71255 9
71256 55
71260 8
71263 153
71264 14
71265 12
71266 126
71267 39
71268 90
71269 22
71270 28
71276 40
71277 56
71278 47
71279 41
71328 4
71329 48
71330 19
71331 80
71332 127
71334 9
71335 72
71336 111
71337 13
71338 150
71339 11
71345 45
71346 49
71347 63
71348 17
71349 34
71350 90
71351 95
71352 26
71360 6
71362 31
71363 186
71364 113
71365 108
71366 72
71367 58
71368 76
71369 58
71370 28
71371 41
71378 42
71379 78
71380 115
71389 9
71390 15
71391 56
71392 156
71393 117
71394 96
71395 102
71403 48
71404 28
71405 156
71406 93
71407 89
71409 83
71415 16
71416 41
71417 125
71418 25
71419 129
71420 83
71437 17
71439 156
71440 122
71441 32
71442 70
71443 112
71444 34
71454 4
71455 28
71456 54
71457 121
71459 104
71460 80
71461 44
71467 46
71468 82
71469 90
71471 88
71472 61
71482 15
71484 36
71494 41
71495 23
71496 35
71497 41
71498 23
71504 48
71505 35
71506 142
71507 113
71508 83
71509 84
71510 24
71511 13
71520 97
71576 39
71578 58
71579 45
71583 100
71585 83
71591 20
71592 14
71593 177
71594 117
71595 35
71596 113
71597 106
71598 71
71599 27
71610 143
71617 9
71618 137
71620 12
71621 126
71622 165
71623 46
71624 126
71625 79
71626 58
71634 14
71635 20
71636 129
71638 155
71639 105
71640 48
71641 76
71642 47
71649 185
71650 161
71652 57
71653 93
71654 67
71655 41
71677 65
71678 149
71681 77
71682 59
71683 48
71684 61
71685 16
71691 187
71693 41
71694 49
71695 124
71696 108
71697 98
71699 27
71705 210
71706 165
71707 32
71709 95
71710 94
71712 68
71713 26
71719 20
71720 8
71721 66
71722 150
71723 118
71726 59
71727 59
71728 39
71735 14
71736 74
71737 133
71738 141
71739 61
71740 47
71741 115
71742 80
71743 65
71744 54
71745 64
71746 45
71751 9
71754 13
71758 31
71760 73
71762 176
71764 89
71770 7
71771 180
71775 25
71776 151
71777 98
71778 85
71796 156
71797 164
71798 138
71811 10
71812 150
71813 25
71814 161
71815 73
71816 114
71817 81
71818 74
71825 16
71827 10
71828 156
71829 68
71830 142
71832 119
71833 62
71835 66
71841 10
71842 10
71844 190
71846 36
71850 15
71851 77
71852 165
71853 81
71860 13
71861 5
71862 15
71863 15
71864 19
71865 12
71897 6
71898 186
71899 167
71900 122
71903 57
71905 59
71906 62
71939 24
71940 191
71941 176
71942 119
71943 86
71944 77
71945 13
71952 230
71953 135
71954 107
71955 82
71957 69
71958 44
71964 15
71971 13
71973 111
71974 113
71975 51
71976 73
71977 39
71985 179
71986 167
71987 130
71988 87
71989 67
71990 27
71997 77
71999 163
72000 128
72001 63
72002 95
72003 45
72019 179
72020 136
72021 121
72022 47
72036 183
72037 177
72038 132
72039 22
72041 95
72042 77
72043 12
72050 19
72051 169
72052 89
72053 117
72056 21
72058 81
72059 31
72060 76
72069 12
72070 101
72082 2
72085 4
72086 169
72087 38
72088 27
72089 94
72090 80
72091 33
72097 10
72098 73
72099 181
72100 47
72101 116
72102 13
72103 23
72112 72
72113 2
72120 10
72121 19
72122 93
72123 47
72124 17
72127 72
72133 39
72134 58
72135 29
72136 32
72137 146
72138 33
72139 84
72140 62
72141 64
72145 14
72146 19
72148 127
72149 110
72151 63
72152 69
72153 9
72154 24
72164 25
72165 45
72166 148
72167 117
72168 22
72169 39
72170 94
72171 39
72172 61
72179 152
72180 130
72181 17
72199 130
72200 69
72206 170
72207 138
72208 105
72209 99
72210 63
72212 33
72218 10
72220 129
72221 14
72222 48
72223 148
72224 113
72225 72
72227 74
72228 10
72235 32
72236 199
72237 24
72238 122
72239 29
72240 19
72272 81
72273 67
72274 95
72277 13
72278 128
72279 161
72280 59
72281 48
72282 45
72284 85
72285 61
72286 44
72299 62
72300 139
72301 90
72302 22
72303 19
72310 84
72313 27
72314 99
72316 43
72368 75
72369 156
72370 61
72371 88
72372 72
72373 41
72374 70
72375 9
72383 185
72384 139
72386 27
72387 68
72388 54
72389 60
72390 40
72391 17
72392 33
72399 24
72400 48
72401 132
72408 41
72409 67
72410 56
72411 37
72418 25
72419 70
72420 103
72421 90
72422 136
72423 92
72425 19
72426 54
72427 31
72435 58
72438 112
72439 57
72440 144
72441 24
72442 106
72443 51
72444 31
72461 12
72462 128
72463 180
72464 112
72465 97
72466 67
72467 37
72473 11
72478 147
72479 61
72480 118
72487 16
72488 14
72490 35
72491 49
72492 131
72493 134
72494 79
72495 6
72496 91
72497 52
72504 97
72505 174
72506 75
72507 11
72508 130
72509 80
72510 89
72512 24
72522 30
72524 131
72525 120
72526 88
72528 86
72529 34
72532 11
72533 142
72534 32
72535 140
72546 21
72547 168
72548 79
72550 134
72551 104
72552 89
72553 67
72567 9
72569 149
72570 36
72571 31
72573 25
72574 138
72575 111
72576 34
72577 26
72578 5
72580 12
72581 19
72582 14
72588 179
72589 147
72590 125
72591 82
72592 81
72593 57
72601 156
72602 71
72603 127
72604 99
72605 37
72606 98
72607 41
72621 29
72622 173
72623 126
72624 75
72625 18
72626 12
72627 32
72628 44
72629 90
72630 24
72637 14
72638 31
72639 154
72640 128
72641 123
72642 90
72643 95
72644 16
72653 12
72654 189
72655 34
72664 64
72665 108
72669 76
72677 173
72678 172
72692 143
72696 84
72697 19
72698 23
72699 31
72703 78
72709 8
72710 169
72712 100
72713 52
72714 81
72715 45
72721 6
72722 14
72723 182
72725 140
72726 114
72764 20
72769 130
72770 16
72772 59
72823 163
72824 114
72831 150
72835 13
72838 28
72839 71
72840 24
72855 12
72861 11
72862 14
72863 143
72864 76
72865 46
72866 100
72867 104
72868 96
72869 27
72870 83
72878 16
72884 199
72885 159
72888 41
72889 182
72894 10
72907 18
72908 15
72909 160
72910 135
72911 21
72912 91
72913 35
72919 2
72921 181
72922 13
72923 33
72924 98
72926 91
72927 36
72934 49
72935 122
72936 24
72937 12
72938 1
72939 28
72942 14
72949 167
72952 84
72953 1
72954 49
72955 86
72961 91
72964 29
72965 124
72967 125
72969 44
72972 149
72973 131
72974 59
72975 111
72976 109
72977 79
72978 23
72979 8
72985 14
72986 21
72988 92
72989 48
72991 113
72993 96
72995 29
73001 11
73002 31
73003 95
73004 115
73005 91
73006 57
73007 75
73038 42
73040 59
73041 70
73042 29
73054 21
73055 21
73056 115
73057 127
73058 92
73059 30
73060 74
73816 62
73817 12
73818 57
73820 105
73821 114
73822 91
73823 90
73824 88
73825 65
73831 33
73834 123
73840 97
73841 83
73847 216
73848 50
73849 86
73850 40
73851 20
73852 118
73853 43
73856 102
73892 3
73893 78
73895 139
73897 113
73898 43
73900 73
73906 140
73907 193
73908 68
73909 32
73910 80
73912 106
73913 84
73923 18
73924 163
73925 144
73926 100
73927 104
73928 80
73935 131
73937 183
73938 32
73939 135
73942 97
73943 38
73954 36
73955 158
73957 145
73958 107
73959 64
73961 203
73962 86
73963 138
73965 119
73968 18
73978 213
73979 145
73980 26
73981 59
73982 157
73983 122
73984 88
73985 32
73994 234
74001 109
74036 67
74037 38
74038 74
74041 19
74050 11
74051 66
74052 96
74053 14
74059 47
74060 211
74061 161
74062 142
74063 115
74064 109
74065 63
74066 13
74068 157
74069 72
74072 92
74073 103
74074 53
74078 55
74085 116
74086 109
74088 86
74101 237
74102 180
74103 13
74104 46
74112 73
74113 168
74114 89
74115 18
74116 106
74118 23
74124 212
74125 94
74126 150
74127 83
74128 100
74131 103
74134 9
74150 34
74151 149
74155 29
74156 19
74157 22
74188 133
74191 98
74192 63
74193 20
74196 9
74205 98
74206 78
74207 52
74209 129
74228 236
74230 111
74231 190
74233 82
74234 104
74242 22
74243 237
74246 149
74247 61
74248 94
74249 21
74276 2
74279 207
74280 36
74281 146
74282 29
74283 19
74284 141
74285 24
74286 124
74293 211
74294 185
74295 148
74296 136
74297 18
74304 19
74305 179
74308 53
74311 118
74330 77
74331 160
74332 26
74333 155
74335 137
74336 111
74337 58
74338 66
74347 151
74348 129
74349 48
74350 6
74351 99
74352 50
74353 30
74354 16
74355 39
74359 11
74360 203
74361 51
74363 146
74364 137
74365 132
74366 95
74372 111
74373 220
74376 120
74377 135
74378 37
74384 127
74385 167
74386 118
74388 125
74389 110
74390 43
74393 30
74394 172
74395 194
74396 66
74397 85
74398 108
74399 92
74410 170
74411 41
74412 91
74413 105
74414 112
74415 9
74416 86
74417 71
74432 167
74436 32
74437 25
74438 25
74439 16
74440 9
74441 106
74442 144
74443 96
74444 90
74446 83
74448 76
74449 38
74450 77
74451 23
74468 155
74469 143
74470 103
74471 32
74472 99
74474 18
74482 184
74484 111
74485 17
74489 234
74490 175
74491 116
74492 110
74493 69
74494 7
74502 204
74503 64
74505 43
74506 142
74507 64
74509 118
74510 15
74516 12
74517 138
74522 127
74523 109
74530 11
74534 15
74536 63
74538 127
74539 45
74541 11
74547 14
74548 226
74550 162
74551 153
74553 35
74554 18
74555 96
74565 14
74567 173
74568 121
74569 68
74572 88
75141 116
75142 58
75143 135
75144 97
75159 17
75163 162
75164 38
75165 130
75166 42
75168 70
75170 68
75183 244
75184 209
75185 141
75186 138
75188 87
75189 55
75218 94
75219 35
75220 196
75221 186
75223 49
75224 122
75225 63
75238 161
75239 73
75241 125
75242 27
75243 165
75244 46
75245 55
75246 84
75247 17
75254 40
75255 37
75256 34
75268 19
75299 18
75300 26
75302 162
75303 124
75316 224
75321 29
75335 87
75342 28
75358 236
75359 13
75360 173
75361 10
75363 131
75364 105
75365 51
75376 75
75377 197
75378 169
75379 140
75380 119
75381 47
75391 234
75392 188
75393 158
75395 127
75396 13
75405 189
75406 141
75407 138
75408 46
75409 67
75421 106
75422 20
75426 35
75427 74
75428 176
75429 22
75430 149
75431 123
75433 49
75440 7723
75442 254
75443 221
75445 37
75449 89
75450 89
75451 32
75458 27
75459 34
75460 214
75462 147
75464 111
75470 16
75476 186
75478 54
75479 163
75480 118
75481 49
75484 57
75490 28
75491 207
75493 171
75494 38
75495 19
75496 133
75497 22
75505 211
75506 33
75507 175
75508 42
75509 141
75510 95
75511 23
75518 23
75519 221
75520 203
75521 189
75524 113
75525 110
75526 48
75532 14
75533 244
75534 184
75535 168
75536 135
75537 134
75538 55
75548 77
75549 184
75551 158
75552 30
75577 14
75579 226
75580 136
75581 119
75606 222
75607 216
75626 116
75627 29
75640 25
75643 152
75644 26
75645 148
75688 188
75689 121
75690 150
75691 65
75692 133
75693 91
75694 114
75695 9
75703 247
75706 49
75707 124
75708 10
75714 203
75717 131
75718 123
75719 60
75725 18
75727 207
75728 50
75730 89
75741 109
75742 26
75757 119
75759 79
75767 194
75768 133
75769 21
75771 12
75773 44
75774 134
75775 120
75787 142
75788 157
75809 34
75810 61
75812 117
75813 61
75822 116
75839 1
75841 2
75844 107
75864 216
75865 40
75866 143
75867 116
75868 88
75869 56
75870 30
75880 29
75881 107
75883 38
75884 31
75885 112
75886 85
75888 8
75902 42
75904 149
75905 51
75907 13
75909 65
75910 150
75911 115
75912 68
75913 3
75914 100
75915 70
76001 60
76002 190
76003 28
76004 176
76005 27
76007 83
76008 114
76009 98
76015 21
76016 152
76018 29
76020 129
76021 85
76022 41
76023 71
76024 42
76040 62
76041 122
76042 132
76044 33
76046 98
76047 85
76048 70
76054 18
76055 68
76057 124
76058 123
76073 58
76074 39
76076 129
76080 77
76081 9
76082 75
76083 28
76086 7
76093 152
76096 32
76097 135
76099 52
76101 42
76107 28
76108 66
76109 83
76110 58
76111 20
76113 97
76114 86
76115 78
76117 17
76123 23
76124 116
76125 174
76126 140
76127 18
76128 83
76129 111
76130 71
76137 17
76138 205
76139 36
76141 131
76142 94
76143 99
76144 41
76150 19
76151 138
76152 135
76154 39
76194 5
76199 55
76200 16
76201 17
76202 80
76205 21
76212 31
76213 59
76214 138
76215 114
76216 135
76217 93
76218 74
76219 37
76226 16
76227 100
76228 34
76231 134
76232 112
76235 77
76243 21
76244 56
76246 138
76247 36
76248 85
76250 127
76253 49
76254 11
76256 16
76257 72
76267 26
76268 79
76269 242
76271 147
76280 67
76281 46
76282 133
76285 8
76286 72
76290 20
76294 93
76295 111
76296 6
76305 16
76306 12
76307 161
76308 100
76309 31
76312 99
76313 49
76316 46
76317 96
76325 30
76326 156
76331 97
76332 41
76333 76
76342 15
76344 144
76345 96
76346 109
76347 35
76416 36
76417 8
76418 77
76452 41
76459 29
76466 18
76470 117
76472 152
76473 172
76474 146
76475 36
76477 28
76486 93
76487 65
76488 188
76489 19
76497 15
76504 16
76505 97
76507 143
76510 38
76511 82
76512 44
76522 21
76523 13
76527 37
76529 62
76530 41
76531 24
76532 107
76533 44
76541 79
76542 23
76544 71
76545 63
76556 68
76557 37
76558 17
76559 159
76560 134
76561 102
76570 103
76571 29
76577 137
76579 70
76581 34
76583 133
76596 161
76599 129
76600 99
76609 47
76610 41
76612 83
76613 78
76616 32
76618 84
76628 62
76631 47
76632 41
76642 12
76648 76
76660 13
76664 16
76668 11
76675 21
76683 62
76684 75
76692 132
76695 23
76697 58
76700 158
76701 36
76736 162
76737 121
76738 69
76740 39
76741 62
76746 62
76747 16
76757 151
76758 145
76759 136
76762 106
76763 11
76774 20
76777 16
76779 155
76780 107
76781 61
76782 48
76784 95
76785 65
76786 23
76792 29
76795 33
76796 86
76797 94
76799 100
76802 32
76817 110
76823 47
76825 49
76826 33
76837 15
76838 78
76839 50
76840 116
76841 94
76857 33
76868 119
76870 121
76871 33
76893 80
76894 157
76895 120
76896 59
76897 29
76905 20
76906 12
76912 3
76913 162
76915 73
76918 101
76919 36
76947 15
76952 102
76953 35
76960 23
76962 170
76963 88
76975 65
76977 87
76979 25
76980 110
76981 55
76982 10
76998 126
76999 94
77000 119
77001 103
77002 10
77004 72
77005 72
77007 7
77010 76
77012 12
77019 10
77022 154
77025 10
77027 75
77028 42
77045 159
77047 91
77048 92
77049 18
77062 42
77063 68
77064 62
77065 45
77067 144
77069 68
77070 81
77079 20
77082 167
77083 82
77084 166
77085 25
77086 46
77087 121
77088 62
77098 23
77099 153
77101 40
77103 87
77140 25
77145 152
77146 44
77160 131
77161 59
77165 123
77168 108
77176 23
77180 23
77181 111
77182 131
77183 46
77184 96
77185 30
77318 177
77321 73
77322 174
77324 113
77325 28
77326 14
77327 30
77338 32
77339 139
77342 129
77343 84
77344 50
77362 40
77363 221
77364 30
77366 102
77367 132
77368 83
77369 74
77370 107
77380 32
77382 150
77383 144
77384 29
77385 144
77388 9
77390 38
77400 21
77401 196
77402 223
77403 173
77406 120
77407 49
77417 17
77419 224
77421 25
77426 12
77427 39
77428 42
77434 40
77437 76
77439 8
77443 85
77444 57
77457 2
77458 4
77461 73
77462 154
77463 87
77464 116
77466 11
77472 11
77473 25
77474 39
77475 120
77484 55
77485 105
77486 12
77487 16
77488 83
77492 14
77513 9
77514 102
77515 121
77516 122
77517 40
77521 90
77523 89
77524 22
77530 17
77531 20
77549 172
77550 142
77553 25
77554 80
77555 52
77563 60
77564 24
77565 232
77566 194
77568 41
77569 118
77570 71
77571 110
77576 102
77577 223
77578 102
77581 52
77582 123
77584 87
77585 102
77586 22
77592 136
77593 34
77594 101
77595 37
77600 16
77601 99
77602 147
77603 131
77604 60
77605 38
77606 36
77613 13
77614 65
77615 85
77616 229
77617 39
77619 80
77620 109
77621 77
77629 3
77633 187
77658 133
77661 50
77662 59
77680 77
77683 118
77688 122
77690 15
77691 37
77697 31
77698 61
77700 18
77702 6
77704 46
77706 7
77752 19
77753 40
77755 21
77756 41
77758 39
77760 11
77766 105
77767 8
77778 50
77779 79
77782 16
77783 17
77784 9
77786 9
77795 113
77796 22
77798 21
77832 34
77850 17
77851 7
77862 19
77866 169
77872 17
77874 35
77881 21
77886 90
77887 89
77889 43
77900 132
77901 33
77902 112
77903 59
77905 200
77906 21
77909 88
77910 38
77918 133
77919 70
77921 76
77922 128
77923 117
77924 53
77931 28
77934 212
77935 49
77936 10
77939 57
77942 22
77947 31
77949 100
77951 54
77953 26
77954 29
77955 138
77957 94
77958 61
77964 13
77966 63
77967 66
77968 18
77996 41
78006 76
78007 45
78015 172
78017 83
78019 82
78020 51
78029 208
78033 61
78035 27
78044 7
78049 218
78050 63
78051 27
78053 29
78055 73
78056 105
78064 14
78066 43
78067 185
78068 21
78071 97
78072 66
78073 108
78080 16
78082 108
78084 21
78088 12
78089 53
78201 1
78203 232
78206 118
78207 80
78209 76
78211 83
78217 12
78218 220
78220 124
78221 50
78222 103
78223 94
78225 79
78227 52
78228 73
78229 52
78238 68
78239 201
78240 120
78247 16
78249 221
78250 172
78251 102
78252 106
78253 8
78254 20
78260 31
78261 133
78262 23
78263 31
78264 124
78265 127
78266 48
78267 92
78268 94
78280 152
78281 51
78282 52
78285 61
78287 20
78288 99
78289 229
78290 184
78293 44
78294 117
78295 100
78297 11
78305 209
78306 140
78307 188
78308 128
78309 99
78310 104
78316 13
78318 150
78319 142
78320 12
78322 39
78323 56
78326 65
78327 120
78328 107
78329 5
78342 79
78346 99
78347 118
78348 124
78349 84
78358 33
78359 154
78360 90
78361 67
78363 134
78364 86
78365 64
78374 134
78375 120
78376 148
78377 130
78378 26
78379 113
78380 101
78386 20
78387 94
78397 26
78398 194
78400 73
78403 106
78404 135
78405 30
78406 97
78407 60
78408 58
78425 63
78427 95
78428 25
78437 77
78438 60
78439 17
78442 145
78443 185
78444 25
78445 49
78446 114
78447 109
78448 7
78462 28
78463 108
78464 14
78465 188
78466 6
78467 133
78470 107
78471 97
78472 3
78479 9
78480 31
78481 13
78485 110
78486 64
78487 183
78488 146
78489 100
78490 97
78491 51
78492 74
78502 186
78503 179
78504 131
78505 56
78507 25
78508 93
78509 17
78520 18
78521 164
78522 33
78523 158
78527 25
78535 26
78536 191
78537 176
78543 60
78544 21
78547 43
78553 29
78555 167
78556 173
78558 125
78559 44
78568 211
78572 107
78580 183
78584 29
78585 104
78586 105
78587 51
78595 20
78596 17
78597 126
78602 128
78603 172
78604 120
78613 16
78616 161
78617 79
78638 9
78646 158
78647 141
78648 93
78649 50
78658 12
78659 13
78660 233
78662 143
78681 22
78683 199
78689 127
78697 17
78698 15
78700 97
78703 18
78708 135
78709 118
78710 30
78711 10
78724 19
78727 30
78728 35
78729 183
78731 28
78732 161
78733 128
78735 86
78736 54
78737 74
78739 65
78740 53
78746 21
78747 61
78748 28
78749 90
78750 107
78751 37
78752 9
78754 149
78758 46
78776 29
78777 27
78778 198
78780 97
78783 58
78784 19
78802 34
78803 47
78805 35
78806 16
78813 148
78814 60
78818 149
78819 116
78820 60
78834 26
78836 184
78838 159
78839 63
78840 145
78841 13
78842 74
78843 108
78845 63
78858 225
78860 51
78863 168
78864 117
78865 101
78867 50
78868 13
78879 20
78880 205
78881 180
78882 18
78883 148
78884 114
78885 107
78886 41
78894 200
78895 219
78896 109
78897 50
78899 18
78900 24
78901 102
78903 80
78914 16
78915 23
78916 218
78917 131
78918 162
78920 140
78921 45
78923 98
78924 16
78940 25
78941 181
78942 170
78944 25
78950 126
78951 24
78952 29
78953 82
78954 38
